\n
150/180
48938 64 0 0 0;49314 64 0 0 0;50148 64 0 0 0;\n
153/180
28791 64 0 0 0;29161 64 0 0 0;30140 64 0 0 0;\n
156/180
19491 64 0 0 0;19937 64 0 0 0;19681 64 0 0 0;\n
159/180
13696 64 0 0 0;14274 64 0 0 0;14141 64 0 0 0;\n
162/180
11693 64 0 0 0;11515 64 0 0 0;11613 64 0 0 0;11783 64 0 0 0;11330 64 0 0 0;11345 64 0 0 0;\n
162-2/180
10837 64 17 0 4;12637 64 18 0 3;10597 64 17 0 4;10356 64 14 0 6;10710 64 15 0 3;10911 64 14 0 5;\n
162-3/180
14298 64 48 0 31;12673 64 64 0 24;14531 64 65 0 35;14690 64 62 0 21;12825 64 60 0 21;12751 64 70 0 22;\n
