

61068 64 0 0 0;63237 64 0 0 0;58800 64 0 0 0;

33272 64 0 0 0;33538 64 0 0 0;33461 64 0 0 0;

21773 64 0 0 0;21238 64 0 0 0;21457 64 0 0 0;

15423 64 0 0 0;14514 64 0 0 0;14982 64 0 0 0;

11501 64 0 0 0;11748 64 0 0 0;11656 64 0 0 0;11768 64 0 0 0;11856 64 0 0 0;11619 64 0 0 0;

12262 64 21 0 5;11983 64 14 0 3;11414 64 17 0 5;11592 64 15 0 4;11285 64 16 0 5;10924 64 13 0 3;

16197 64 69 0 22;15243 64 65 0 28;16788 64 72 0 22;15464 64 76 0 28;17906 64 59 0 37;15338 64 52 0 28;





































































































49459 64 0 0 0;49466 64 0 0 0;49226 64 0 0 0;

29268 64 0 0 0;28976 64 0 0 0;28862 64 0 0 0;

19511 64 0 0 0;19324 64 0 0 0;19428 64 0 0 0;

14419 64 0 0 0;14443 64 0 0 0;14415 64 0 0 0;

11705 64 0 0 0;11714 64 0 0 0;11595 64 0 0 0;11466 64 0 0 0;11112 64 0 0 0;11443 64 0 0 0;

10417 64 18 0 6;10475 64 16 0 4;10417 64 15 0 4;10630 64 16 0 4;11296 64 14 0 2;10787 64 16 0 4;

13582 64 76 0 25;13758 64 68 0 23;15513 64 61 0 30;13928 64 69 0 23;14046 64 62 0 27;14006 64 65 0 27;

\n
\n
\n
\n
49362 64 0 0 0;49247 64 0 0 0;49390 64 0 0 0;\n
\n
49704 64 0 0 0;49528 64 0 0 0;49745 64 0 0 0;\n
\n
51078 64 0 0 0;49832 64 0 0 0;50744 64 0 0 0;\n
28540 64 0 0 0;29021 64 0 0 0;28782 64 0 0 0;\n
19294 64 0 0 0;19452 64 0 0 0;19222 64 0 0 0;\n
14552 64 0 0 0;13946 64 0 0 0;14432 64 0 0 0;\n
11677 64 0 0 0;11874 64 0 0 0;11224 64 0 0 0;11823 64 0 0 0;11219 64 0 0 0;11492 64 0 0 0;\n
11143 64 18 0 4;10544 64 15 0 3;10771 64 18 0 3;11573 64 17 0 4;11085 64 19 0 4;11524 64 15 0 3;\n
15519 64 65 0 29;13637 64 53 0 20;15471 64 59 0 26;14389 64 72 0 26;14237 64 67 0 20;13554 64 54 0 26;\n
