165/180
68643 64 0 0 0;68778 64 0 0 0;68392 64 0 0 0;\n
168/180
39545 64 0 0 0;39162 64 0 0 0;39412 64 0 0 0;\n
171/180
25036 64 0 0 0;25158 64 0 0 0;25441 64 0 0 0;\n
174/180
17765 64 0 0 0;18228 64 0 0 0;18253 64 0 0 0;\n
177/180
14038 64 0 0 0;14105 64 0 0 0;14053 64 0 0 0;14275 64 0 0 0;13918 64 0 0 0;14219 64 0 0 0;\n
177-2/180
10377 64 1 0 0;9978 64 1 0 0;10021 64 1 0 0;10128 64 1 0 0;10003 64 0 0 0;10175 64 1 0 0;\n
177-3/180
11377 64 3 0 3;12538 64 2 0 5;12964 64 2 0 5;12204 64 2 0 5;11031 64 2 0 5;14481 64 2 0 5;